4.099999999999999645e+00 2.176456527647377516e+04 0.000000000000000000e+00 0.000000000000000000e+00
4.199999999999999289e+00 2.229540833199752160e+04 0.000000000000000000e+00 0.000000000000000000e+00
4.299999999999998934e+00 2.282625138752127168e+04 0.000000000000000000e+00 0.000000000000000000e+00
4.399999999999998579e+00 2.335709444304502176e+04 2.521946802735328674e-01 1.456046678148802953e-01
4.499999999999998224e+00 2.388793749856876821e+04 1.092843614518642426e+00 3.031002863537970438e-01
4.599999999999997868e+00 2.441878055409251829e+04 2.942271269857883453e+00 4.973346207976602207e-01
4.699999999999997513e+00 2.494962360961626473e+04 1.546794039011001587e+01 1.140311704354650235e+00
4.799999999999997158e+00 2.548046666514001481e+04 1.396317879781126976e+02 3.426095675830288290e+00
4.899999999999996803e+00 2.601130972066376489e+04 2.834668206274509430e+02 4.881557997338284771e+00
4.999999999999996447e+00 2.654215277618751134e+04 2.637115706726908684e+02 4.708384592444415873e+00
5.099999999999996092e+00 2.707299583171126142e+04 2.408459196612238884e+02 4.499631865103518535e+00
5.199999999999995737e+00 2.760383888723501150e+04 2.162989707812666893e+02 4.264170522381277806e+00
5.299999999999995381e+00 2.813468194275875794e+04 2.120116612166166306e+02 4.221698475261376871e+00
5.399999999999995026e+00 2.866552499828250802e+04 2.000744463503360748e+02 4.101126345650517813e+00
5.499999999999994671e+00 2.919636805380625447e+04 1.918360867947340012e+02 4.015803838942547443e+00
5.599999999999994316e+00 2.972721110933000455e+04 1.836817921325564384e+02 3.929528031350897788e+00
5.699999999999993960e+00 3.025805416485375463e+04 1.664484889805316925e+02 3.740651645242828671e+00
5.799999999999993605e+00 3.078889722037750107e+04 1.566969613432884216e+02 3.629423313034444654e+00
5.899999999999993250e+00 3.131974027590125115e+04 1.403883720189332962e+02 3.435365153489719603e+00
5.999999999999992895e+00 3.185058333142500123e+04 1.347560241594910622e+02 3.365746723538927121e+00
6.099999999999992539e+00 3.238142638694874768e+04 1.257610805630683899e+02 3.251475360358972555e+00
6.199999999999992184e+00 3.291226944247249776e+04 1.175227210074663162e+02 3.143172790175309927e+00
6.299999999999991829e+00 3.344311249799624784e+04 9.953283381462097168e+01 2.892614252352950999e+00
6.399999999999991473e+00 3.397395555351999792e+04 9.356422638148069382e+01 2.804543965852146936e+00
6.499999999999991118e+00 3.450479860904374073e+04 7.910506471246480942e+01 2.578751432470257843e+00
6.599999999999990763e+00 3.503564166456749081e+04 7.481775514781475067e+01 2.507896872390533272e+00
6.699999999999990408e+00 3.556648472009124089e+04 6.935353707522153854e+01 2.414580254331474940e+00
6.799999999999990052e+00 3.609732777561499097e+04 5.951794454455375671e+01 2.236821350112177864e+00
6.899999999999989697e+00 3.662817083113874105e+04 6.203989134728908539e+01 2.283719979597429450e+00
6.999999999999989342e+00 3.715901388666248386e+04 5.254055839031934738e+01 2.101622353954679667e+00
7.099999999999988987e+00 3.768985694218623394e+04 4.917796265333890915e+01 2.033258532860226175e+00
7.199999999999988631e+00 3.822069999770998402e+04 4.505878287553787231e+01 1.946243008050995149e+00
7.299999999999988276e+00 3.875154305323373410e+04 4.135992756485939026e+01 1.864649555137637416e+00
7.399999999999987921e+00 3.928238610875748418e+04 3.547538502514362335e+01 1.726914738308491071e+00
7.499999999999987566e+00 3.981322916428123426e+04 3.581164459884166718e+01 1.735079865339458349e+00
7.599999999999987210e+00 4.034407221980497707e+04 3.152433503419160843e+01 1.627909675376740584e+00
7.699999999999986855e+00 4.087491527532872715e+04 2.774141483008861542e+01 1.527114639391221385e+00
7.799999999999986500e+00 4.140575833085247723e+04 2.664857121556997299e+01 1.496732888078305956e+00
7.899999999999986144e+00 4.193660138637622731e+04 2.580792228132486343e+01 1.472935936813599023e+00
7.999999999999985789e+00 4.246744444189997739e+04 2.227719675749540329e+01 1.368477330431239425e+00
8.099999999999985434e+00 4.299828749742372020e+04 2.042776910215616226e+01 1.310442010333922713e+00
8.199999999999985079e+00 4.352913055294747028e+04 1.614045953750610352e+01 1.164837342519042362e+00
8.299999999999984723e+00 4.405997360847122036e+04 1.412290209531784058e+01 1.089605561756625596e+00
8.399999999999984368e+00 4.459081666399497044e+04 1.437509677559137344e+01 1.099291135004941911e+00
8.499999999999984013e+00 4.512165971951872052e+04 1.311412337422370911e+01 1.049970191506904182e+00
8.599999999999983658e+00 4.565250277504247060e+04 1.042404678463935852e+01 9.361070437180645243e-01
8.699999999999983302e+00 4.618334583056621341e+04 1.101250103861093521e+01 9.621666915391350328e-01
8.799999999999982947e+00 4.671418888608996349e+04 9.415268063545227051e+00 8.896592157341191021e-01
8.899999999999982592e+00 4.724503194161371357e+04 9.919657424092292786e+00 9.131784922563667140e-01
8.999999999999982236e+00 4.777587499713746365e+04 9.331203170120716095e+00 8.856786176208730765e-01
9.099999999999981881e+00 4.830671805266121373e+04 7.481775514781475067e+00 7.930666253566732715e-01
9.199999999999981526e+00 4.883756110818495654e+04 7.649905301630496979e+00 8.019279800046114071e-01
9.299999999999981171e+00 4.936840416370870662e+04 9.667462743818759918e+00 9.014955570773099947e-01
9.399999999999980815e+00 4.989924721923245670e+04 6.472996793687343597e+00 7.376664524679805712e-01
9.499999999999980460e+00 5.043009027475620678e+04 6.220802113413810730e+00 7.231535630882377497e-01
9.599999999999980105e+00 5.096093333027995686e+04 5.380153179168701172e+00 6.725191532654974935e-01
9.699999999999979750e+00 5.149177638580370694e+04 6.809256367385387421e+00 7.565840474236846802e-01
9.799999999999979394e+00 5.202261944132744975e+04 5.968607433140277863e+00 7.083433888431035497e-01
9.899999999999979039e+00 5.255346249685119983e+04 4.959828712046146393e+00 6.457147043081841176e-01
9.999999999999978684e+00 5.308430555237494991e+04 4.455439351499080658e+00 6.120016673023385145e-01
1.009999999999997833e+01 5.361514860789869999e+04 4.287309564650058746e+00 6.003434249837237280e-01
1.019999999999997797e+01 5.414599166342245007e+04 4.119179777801036835e+00 5.884542591073103068e-01
1.029999999999997762e+01 5.467683471894619288e+04 4.455439351499080658e+00 6.120016673023385145e-01
1.039999999999997726e+01 5.520767777446994296e+04 4.203244671225547791e+00 5.944285671898353884e-01
1.049999999999997691e+01 5.573852082999369304e+04 1.681297868490219116e+00 3.759496357180630022e-01
1.059999999999997655e+01 5.626936388551744312e+04 4.203244671225547791e-01 1.879748178590315011e-01
1.069999999999997620e+01 5.680020694104119320e+04 8.406489342451095581e-02 8.406489415818718669e-02
1.079999999999997584e+01 5.733104999656493601e+04 0.000000000000000000e+00 0.000000000000000000e+00
1.089999999999997549e+01 5.786189305208868609e+04 0.000000000000000000e+00 0.000000000000000000e+00
1.100000000000000000e+01 5.839273610761256714e+04 0.000000000000000000e+00 0.000000000000000000e+00
