4.099999999999999645e+00 2.176456527647377516e+04 0.000000000000000000e+00 0.000000000000000000e+00
4.199999999999999289e+00 2.229540833199752160e+04 0.000000000000000000e+00 0.000000000000000000e+00
4.299999999999998934e+00 2.282625138752127168e+04 0.000000000000000000e+00 0.000000000000000000e+00
4.399999999999998579e+00 2.335709444304502176e+04 1.680514961481094360e-01 1.188303550094634287e-01
4.499999999999998224e+00 2.388793749856876821e+04 1.176360473036766052e+00 3.143955675605585864e-01
4.599999999999997868e+00 2.441878055409251829e+04 3.361029922962188721e+00 5.314255031831858211e-01
4.699999999999997513e+00 2.494962360961626473e+04 1.848566457629203796e+01 1.246303277651255259e+00
4.799999999999997158e+00 2.548046666514001481e+04 1.380543040856719017e+02 3.405894399813520934e+00
4.899999999999996803e+00 2.601130972066376489e+04 2.901409080997109413e+02 4.937540670571441304e+00
4.999999999999996447e+00 2.654215277618751134e+04 2.703108315542340279e+02 4.765823201451079072e+00
5.099999999999996092e+00 2.707299583171126142e+04 2.352720946073532104e+02 4.446224755941286411e+00
5.199999999999995737e+00 2.760383888723501150e+04 2.137615031003952026e+02 4.238097563951393809e+00
5.299999999999995381e+00 2.813468194275875794e+04 2.039304905757308006e+02 4.139494262005655401e+00
5.399999999999995026e+00 2.866552499828250802e+04 2.044346450641751289e+02 4.144607907268524016e+00
5.499999999999994671e+00 2.919636805380625447e+04 1.896461134031414986e+02 3.991886423369953807e+00
5.599999999999994316e+00 2.972721110933000455e+04 1.852767745032906532e+02 3.945633058461190501e+00
5.699999999999993960e+00 3.025805416485375463e+04 1.705722685903310776e+02 3.785823961933549420e+00
5.799999999999993605e+00 3.078889722037750107e+04 1.585565866157412529e+02 3.650046076671562556e+00
5.899999999999993250e+00 3.131974027590125115e+04 1.398188447952270508e+02 3.427591504545675960e+00
5.999999999999992895e+00 3.185058333142500123e+04 1.364578148722648621e+02 3.386143891892396951e+00
6.099999999999992539e+00 3.238142638694874768e+04 1.265427765995264053e+02 3.260805408725175436e+00
6.199999999999992184e+00 3.291226944247249776e+04 1.128465796634554863e+02 3.079288663300314255e+00
6.299999999999991829e+00 3.344311249799624784e+04 9.763791926205158234e+01 2.864279935837843016e+00
6.399999999999991473e+00 3.397395555351999792e+04 9.217624563723802567e+01 2.783016047297211859e+00
6.499999999999991118e+00 3.450479860904374073e+04 7.915225468575954437e+01 2.578919869045755320e+00
6.599999999999990763e+00 3.503564166456749081e+04 7.234616909176111221e+01 2.465550898573407146e+00
6.699999999999990408e+00 3.556648472009124089e+04 6.049853861331939697e+01 2.254647461977822953e+00
6.799999999999990052e+00 3.609732777561499097e+04 6.167489908635616302e+01 2.276462112732115184e+00
6.899999999999989697e+00 3.662817083113874105e+04 5.789374042302370071e+01 2.205575900324465266e+00
6.999999999999989342e+00 3.715901388666248386e+04 5.377647876739501953e+01 2.125702012732743285e+00
7.099999999999988987e+00 3.768985694218623394e+04 5.033142309635877609e+01 2.056486239892378887e+00
7.199999999999988631e+00 3.822069999770998402e+04 4.789467640221118927e+01 2.006087281856750781e+00
7.299999999999988276e+00 3.875154305323373410e+04 4.209689978510141373e+01 1.880750819368322224e+00
7.399999999999987921e+00 3.928238610875748418e+04 4.016430757939815521e+01 1.837072707306477648e+00
7.499999999999987566e+00 3.981322916428123426e+04 3.554289143532514572e+01 1.728154555287022331e+00
7.599999999999987210e+00 4.034407221980497707e+04 3.100550103932619095e+01 1.614081946068432361e+00
7.699999999999986855e+00 4.087491527532872715e+04 2.680421363562345505e+01 1.500747879169642474e+00
7.799999999999986500e+00 4.140575833085247723e+04 2.688823938369750977e+01 1.503098307985215376e+00
7.899999999999986144e+00 4.193660138637622731e+04 2.117448851466178894e+01 1.333867426782386012e+00
7.999999999999985789e+00 4.246744444189997739e+04 2.016617953777313232e+01 1.301721319100602736e+00
8.099999999999985434e+00 4.299828749742372020e+04 1.840163882821798325e+01 1.243467544107374145e+00
8.199999999999985079e+00 4.352913055294747028e+04 1.638502087444067001e+01 1.173355740595461105e+00
8.299999999999984723e+00 4.405997360847122036e+04 1.571281488984823227e+01 1.149034847557558914e+00
8.399999999999984368e+00 4.459081666399497044e+04 1.411632567644119263e+01 1.089098193378682078e+00
8.499999999999984013e+00 4.512165971951872052e+04 1.411632567644119263e+01 1.089098193378682078e+00
8.599999999999983658e+00 4.565250277504247060e+04 1.193165622651576996e+01 1.001282368909456322e+00
8.699999999999983302e+00 4.618334583056621341e+04 1.016711551696062088e+01 9.242832482179605957e-01
8.799999999999982947e+00 4.671418888608996349e+04 9.494909532368183136e+00 8.932059728022667677e-01
8.899999999999982592e+00 4.724503194161371357e+04 1.125945024192333221e+01 9.726683757592987645e-01
8.999999999999982236e+00 4.777587499713746365e+04 9.494909532368183136e+00 8.932059728022667677e-01
9.099999999999981881e+00 4.830671805266121373e+04 8.822703547775745392e+00 8.610077216627869401e-01
9.199999999999981526e+00 4.883756110818495654e+04 7.394265830516815186e+00 7.882314025422387793e-01
9.299999999999981171e+00 4.936840416370870662e+04 7.058162838220596313e+00 7.701087179160840401e-01
9.399999999999980815e+00 4.989924721923245670e+04 7.982446067035198212e+00 8.189817033393161916e-01
9.499999999999980460e+00 5.043009027475620678e+04 7.814394570887088776e+00 8.103149863681977649e-01
9.599999999999980105e+00 5.096093333027995686e+04 6.049853861331939697e+00 7.129821300567805720e-01
9.699999999999979750e+00 5.149177638580370694e+04 5.629725120961666107e+00 6.877804043451050120e-01
9.799999999999979394e+00 5.202261944132744975e+04 5.629725120961666107e+00 6.877804043451050120e-01
9.899999999999979039e+00 5.255346249685119983e+04 6.049853861331939697e+00 7.129821300567805720e-01
9.999999999999978684e+00 5.308430555237494991e+04 5.125570632517337799e+00 6.562620854400251780e-01
1.009999999999997833e+01 5.361514860789869999e+04 4.621416144073009491e+00 6.231516388256276295e-01
1.019999999999997797e+01 5.414599166342245007e+04 3.361029922962188721e+00 5.314255031831858211e-01
1.029999999999997762e+01 5.467683471894619288e+04 3.361029922962188721e+00 5.314255031831858211e-01
1.039999999999997726e+01 5.520767777446994296e+04 2.856875434517860413e+00 4.899501052336623919e-01
1.049999999999997691e+01 5.573852082999369304e+04 1.596489213407039642e+00 3.662597521990554883e-01
1.059999999999997655e+01 5.626936388551744312e+04 5.041544884443283081e-01 2.058202123578375120e-01
1.069999999999997620e+01 5.680020694104119320e+04 2.520772442221641541e-01 1.455368678634821611e-01
1.079999999999997584e+01 5.733104999656493601e+04 0.000000000000000000e+00 0.000000000000000000e+00
1.089999999999997549e+01 5.786189305208868609e+04 0.000000000000000000e+00 0.000000000000000000e+00
1.100000000000000000e+01 5.839273610761256714e+04 0.000000000000000000e+00 0.000000000000000000e+00
