4.099999999999999645e+00 2.176456527647377516e+04 0.000000000000000000e+00 0.000000000000000000e+00
4.199999999999999289e+00 2.229540833199752160e+04 0.000000000000000000e+00 0.000000000000000000e+00
4.299999999999998934e+00 2.282625138752127168e+04 0.000000000000000000e+00 0.000000000000000000e+00
4.399999999999998579e+00 2.335709444304502176e+04 3.435865044593811035e-02 2.429523398463149034e-02
4.499999999999998224e+00 2.388793749856876821e+04 1.374346017837524414e-01 4.859046796926298067e-02
4.599999999999997868e+00 2.441878055409251829e+04 5.840970575809478760e-01 1.001718159177314715e-01
4.699999999999997513e+00 2.494962360961626473e+04 2.027160376310348511e+00 1.866152332145250559e-01
4.799999999999997158e+00 2.548046666514001481e+04 1.379499815404415131e+01 4.868148984354824793e-01
4.899999999999996803e+00 2.601130972066376489e+04 2.695436127483844757e+01 6.804834387269762530e-01
4.999999999999996447e+00 2.654215277618751134e+04 2.279696457087993622e+01 6.258086326211578232e-01
5.099999999999996092e+00 2.707299583171126142e+04 1.925802357494831085e+01 5.751867783974697890e-01
5.199999999999995737e+00 2.760383888723501150e+04 1.693881466984748840e+01 5.394417377469233887e-01
5.299999999999995381e+00 2.813468194275875794e+04 1.735111847519874573e+01 5.459674799434819370e-01
5.399999999999995026e+00 2.866552499828250802e+04 1.757444970309734344e+01 5.494698979191019461e-01
5.499999999999994671e+00 2.919636805380625447e+04 1.628600031137466431e+01 5.289446841877027961e-01
5.599999999999994316e+00 2.972721110933000455e+04 1.456806778907775879e+01 5.002694865890072728e-01
5.699999999999993960e+00 3.025805416485375463e+04 1.267834201455116272e+01 4.666962047432883787e-01
5.799999999999993605e+00 3.078889722037750107e+04 1.205988630652427673e+01 4.551710628139331583e-01
5.899999999999993250e+00 3.131974027590125115e+04 9.208118319511413574e+00 3.977301216787862415e-01
5.999999999999992895e+00 3.185058333142500123e+04 8.520945310592651367e+00 3.826017273918954076e-01
6.099999999999992539e+00 3.238142638694874768e+04 7.644799724221229553e+00 3.623982515781200564e-01
6.199999999999992184e+00 3.291226944247249776e+04 7.576082423329353333e+00 3.607658187219826007e-01
6.299999999999991829e+00 3.344311249799624784e+04 6.253274381160736084e+00 3.277606257239796816e-01
6.399999999999991473e+00 3.397395555351999792e+04 5.961225852370262146e+00 3.200153612294990291e-01
6.499999999999991118e+00 3.450479860904374073e+04 5.823791250586509705e+00 3.163049127746434541e-01
6.599999999999990763e+00 3.503564166456749081e+04 4.552521184086799622e+00 2.796591447704849243e-01
6.699999999999990408e+00 3.556648472009124089e+04 4.174576029181480408e+00 2.677991689974245082e-01
6.799999999999990052e+00 3.609732777561499097e+04 3.212533816695213318e+00 2.349237320353295688e-01
6.899999999999989697e+00 3.662817083113874105e+04 2.886126637458801270e+00 2.226694975224747797e-01
6.999999999999989342e+00 3.715901388666248386e+04 2.439464181661605835e+00 2.047152803288691814e-01
7.099999999999988987e+00 3.768985694218623394e+04 2.594078108668327332e+00 2.111030761850321014e-01
7.199999999999988631e+00 3.822069999770998402e+04 2.765871360898017883e+00 2.179811935617919916e-01
7.299999999999988276e+00 3.875154305323373410e+04 2.989202588796615601e+00 2.266108565581432532e-01
7.399999999999987921e+00 3.928238610875748418e+04 2.525360807776451111e+00 2.082882425535524107e-01
7.499999999999987566e+00 3.981322916428123426e+04 2.113057002425193787e+00 1.905279277524205006e-01
7.599999999999987210e+00 4.034407221980497707e+04 1.786649823188781738e+00 1.751954237619682553e-01
7.699999999999986855e+00 4.087491527532872715e+04 1.717932522296905518e+00 1.717932470104679143e-01
7.799999999999986500e+00 4.140575833085247723e+04 1.391525343060493469e+00 1.546139223094211146e-01
7.899999999999986144e+00 4.193660138637622731e+04 1.580497920513153076e+00 1.647782939010101200e-01
7.999999999999985789e+00 4.246744444189997739e+04 1.460242643952369690e+00 1.583855478275707496e-01
8.099999999999985434e+00 4.299828749742372020e+04 1.339987367391586304e+00 1.517236876046443861e-01
8.199999999999985079e+00 4.352913055294747028e+04 1.254090741276741028e+00 1.467802145877697695e-01
8.299999999999984723e+00 4.405997360847122036e+04 1.013580188155174255e+00 1.319568968786997143e-01
8.399999999999984368e+00 4.459081666399497044e+04 7.730696350336074829e-01 1.152424135172456371e-01
8.499999999999984013e+00 4.512165971951872052e+04 6.871730089187622070e-01 1.086515894377981795e-01
8.599999999999983658e+00 4.565250277504247060e+04 6.528143584728240967e-01 1.059004697486836677e-01
8.699999999999983302e+00 4.618334583056621341e+04 9.276835620403289795e-01 1.262417389294674119e-01
8.799999999999982947e+00 4.671418888608996349e+04 6.699936836957931519e-01 1.072848483718733814e-01
8.899999999999982592e+00 4.724503194161371357e+04 6.528143584728240967e-01 1.059004697486836677e-01
8.999999999999982236e+00 4.777587499713746365e+04 5.325590819120407104e-01 9.565043184797385190e-02
9.099999999999981881e+00 4.830671805266121373e+04 7.902489602565765381e-01 1.165158490097541882e-01
9.199999999999981526e+00 4.883756110818495654e+04 6.356350332498550415e-01 1.044977525873540952e-01
9.299999999999981171e+00 4.936840416370870662e+04 3.779451549053192139e-01 8.057817532091379742e-02
9.399999999999980815e+00 4.989924721923245670e+04 4.466624557971954346e-01 8.759771188098412764e-02
9.499999999999980460e+00 5.043009027475620678e+04 4.810211062431335449e-01 9.090444170199771245e-02
9.599999999999980105e+00 5.096093333027995686e+04 4.294831305742263794e-01 8.589662350523395717e-02
9.699999999999979750e+00 5.149177638580370694e+04 4.294831305742263794e-01 8.589662350523395717e-02
9.799999999999979394e+00 5.202261944132744975e+04 5.840970575809478760e-01 1.001718159177314715e-01
9.899999999999979039e+00 5.255346249685119983e+04 2.576898783445358276e-01 6.653523846624392890e-02
9.999999999999978684e+00 5.308430555237494991e+04 2.920485287904739380e-01 7.083217031919845919e-02
1.009999999999997833e+01 5.361514860789869999e+04 2.748692035675048828e-01 6.871729880418717129e-02
1.019999999999997797e+01 5.414599166342245007e+04 1.717932522296905518e-01 5.432579471889908973e-02
1.029999999999997762e+01 5.467683471894619288e+04 1.546139270067214966e-01 5.153797410314037847e-02
1.039999999999997726e+01 5.520767777446994296e+04 3.092278540134429932e-01 7.288570195389447448e-02
1.049999999999997691e+01 5.573852082999369304e+04 6.871730089187622070e-02 3.435864940209358565e-02
1.059999999999997655e+01 5.626936388551744312e+04 1.374346017837524414e-01 4.859046796926298067e-02
1.069999999999997620e+01 5.680020694104119320e+04 1.030759513378143311e-01 4.208057964315580629e-02
1.079999999999997584e+01 5.733104999656493601e+04 0.000000000000000000e+00 0.000000000000000000e+00
1.089999999999997549e+01 5.786189305208868609e+04 0.000000000000000000e+00 0.000000000000000000e+00
1.100000000000000000e+01 5.839273610761256714e+04 0.000000000000000000e+00 0.000000000000000000e+00
