4.099999999999999645e+00 2.176456527647377516e+04 0.000000000000000000e+00 0.000000000000000000e+00
4.199999999999999289e+00 2.229540833199752160e+04 0.000000000000000000e+00 0.000000000000000000e+00
4.299999999999998934e+00 2.282625138752127168e+04 0.000000000000000000e+00 0.000000000000000000e+00
4.399999999999998579e+00 2.335709444304502176e+04 8.641945198178291321e-02 3.864795165795654325e-02
4.499999999999998224e+00 2.388793749856876821e+04 2.419744655489921570e-01 6.467039251926717802e-02
4.599999999999997868e+00 2.441878055409251829e+04 5.703683830797672272e-01 9.928838554709168429e-02
4.699999999999997513e+00 2.494962360961626473e+04 1.555550135672092438e+00 1.639693721778656688e-01
4.799999999999997158e+00 2.548046666514001481e+04 1.149378711357712746e+01 4.457099216511948292e-01
4.899999999999996803e+00 2.601130972066376489e+04 2.335053592547774315e+01 6.352858081364028964e-01
4.999999999999996447e+00 2.654215277618751134e+04 2.027400343492627144e+01 5.919574424413109881e-01
5.099999999999996092e+00 2.707299583171126142e+04 1.825178825855255127e+01 5.616599257073033868e-01
5.199999999999995737e+00 2.760383888723501150e+04 1.462217127531766891e+01 5.027205755850780999e-01
5.299999999999995381e+00 2.813468194275875794e+04 1.356785396113991737e+01 4.842574462771348509e-01
5.399999999999995026e+00 2.866552499828250802e+04 1.382711231708526611e+01 4.888622165568938249e-01
5.499999999999994671e+00 2.919636805380625447e+04 1.272094333171844482e+01 4.689001657440161619e-01
5.599999999999994316e+00 2.972721110933000455e+04 1.152835489436984062e+01 4.463796589510509172e-01
5.699999999999993960e+00 3.025805416485375463e+04 9.938236977905035019e+00 4.144531086213623650e-01
5.799999999999993605e+00 3.078889722037750107e+04 8.693796869367361069e+00 3.876372211694693037e-01
5.899999999999993250e+00 3.131974027590125115e+04 7.362937308847904205e+00 3.567354580900384264e-01
5.999999999999992895e+00 3.185058333142500123e+04 6.844420596957206726e+00 3.439450567381003854e-01
6.099999999999992539e+00 3.238142638694874768e+04 6.688865583389997482e+00 3.400141269908277808e-01
6.199999999999992184e+00 3.291226944247249776e+04 5.254302680492401123e+00 3.013549093265768808e-01
6.299999999999991829e+00 3.344311249799624784e+04 4.580230955034494400e+00 2.813613350655248535e-01
6.399999999999991473e+00 3.397395555351999792e+04 4.303688708692789078e+00 2.727351747287396488e-01
6.499999999999991118e+00 3.450479860904374073e+04 3.802455887198448181e+00 2.563615091304715099e-01
6.599999999999990763e+00 3.503564166456749081e+04 3.353074736893177032e+00 2.407367227769850460e-01
6.699999999999990408e+00 3.556648472009124089e+04 3.162951942533254623e+00 2.338121222803050125e-01
6.799999999999990052e+00 3.609732777561499097e+04 2.454312436282634735e+00 2.059613127577681335e-01
6.899999999999989697e+00 3.662817083113874105e+04 2.592583559453487396e+00 2.116835492443198408e-01
6.999999999999989342e+00 3.715901388666248386e+04 2.454312436282634735e+00 2.059613127577681335e-01
7.099999999999988987e+00 3.768985694218623394e+04 2.039499066770076752e+00 1.877510967999803937e-01
7.199999999999988631e+00 3.822069999770998402e+04 1.503698464483022690e+00 1.612133881288709270e-01
7.299999999999988276e+00 3.875154305323373410e+04 1.780240710824728012e+00 1.754123195432076010e-01
7.399999999999987921e+00 3.928238610875748418e+04 1.434562902897596359e+00 1.574637265471174608e-01
7.499999999999987566e+00 3.981322916428123426e+04 1.244440108537673950e+00 1.466586649670681419e-01
7.599999999999987210e+00 4.034407221980497707e+04 1.261723998934030533e+00 1.476736159352573519e-01
7.699999999999986855e+00 4.087491527532872715e+04 9.678978621959686279e-01 1.293407850385343560e-01
7.799999999999986500e+00 4.140575833085247723e+04 1.209872327744960785e+00 1.446073938046752994e-01
7.899999999999986144e+00 4.193660138637622731e+04 1.071601204574108124e+00 1.360934813839783097e-01
7.999999999999985789e+00 4.246744444189997739e+04 8.296267390251159668e-01 1.197462985090360227e-01
8.099999999999985434e+00 4.299828749742372020e+04 8.123428486287593842e-01 1.184923760127376824e-01
8.199999999999985079e+00 4.352913055294747028e+04 7.950589582324028015e-01 1.172250414360040405e-01
8.299999999999984723e+00 4.405997360847122036e+04 5.876522734761238098e-01 1.007815277618824001e-01
8.399999999999984368e+00 4.459081666399497044e+04 7.086395062506198883e-01 1.106708912601552935e-01
8.499999999999984013e+00 4.512165971951872052e+04 6.395039446651935577e-01 1.051337949397458116e-01
8.599999999999983658e+00 4.565250277504247060e+04 5.530844926834106445e-01 9.777244331137877054e-02
8.699999999999983302e+00 4.618334583056621341e+04 4.320972599089145660e-01 8.641944709831653193e-02
8.799999999999982947e+00 4.671418888608996349e+04 3.111100271344184875e-01 7.332933248353407096e-02
8.899999999999982592e+00 4.724503194161371357e+04 3.283939175307750702e-01 7.533872733164422020e-02
8.999999999999982236e+00 4.777587499713746365e+04 3.111100271344184875e-01 7.332933248353407096e-02
9.099999999999981881e+00 4.830671805266121373e+04 4.320972599089145660e-01 8.641944709831653193e-02
9.199999999999981526e+00 4.883756110818495654e+04 3.283939175307750702e-01 7.533872733164422020e-02
9.299999999999981171e+00 4.936840416370870662e+04 3.456778079271316528e-01 7.729590331591308650e-02
9.399999999999980815e+00 4.989924721923245670e+04 4.493811503052711487e-01 8.813088942164307160e-02
9.499999999999980460e+00 5.043009027475620678e+04 2.074066847562789917e-01 5.987314925451801134e-02
9.599999999999980105e+00 5.096093333027995686e+04 2.938261367380619049e-01 7.126330169876733678e-02
9.699999999999979750e+00 5.149177638580370694e+04 2.765422463417053223e-01 6.913555767865323110e-02
9.799999999999979394e+00 5.202261944132744975e+04 2.246905751526355743e-01 6.231794954204558645e-02
9.899999999999979039e+00 5.255346249685119983e+04 2.074066847562789917e-01 5.987314925451801134e-02
9.999999999999978684e+00 5.308430555237494991e+04 2.074066847562789917e-01 5.987314925451801134e-02
1.009999999999997833e+01 5.361514860789869999e+04 2.419744655489921570e-01 6.467039251926717802e-02
1.019999999999997797e+01 5.414599166342245007e+04 1.728389039635658264e-01 5.465645739262189190e-02
1.029999999999997762e+01 5.467683471894619288e+04 2.074066847562789917e-01 5.987314925451801134e-02
1.039999999999997726e+01 5.520767777446994296e+04 1.037033423781394958e-01 4.233670984886396538e-02
1.049999999999997691e+01 5.573852082999369304e+04 2.074066847562789917e-01 5.987314925451801134e-02
1.059999999999997655e+01 5.626936388551744312e+04 8.641945198178291321e-02 3.864795165795654325e-02
1.069999999999997620e+01 5.680020694104119320e+04 5.185167118906974792e-02 2.993657462725900567e-02
1.079999999999997584e+01 5.733104999656493601e+04 0.000000000000000000e+00 0.000000000000000000e+00
1.089999999999997549e+01 5.786189305208868609e+04 0.000000000000000000e+00 0.000000000000000000e+00
1.100000000000000000e+01 5.839273610761256714e+04 0.000000000000000000e+00 0.000000000000000000e+00
