4.099999999999999645e+00 2.176476421516336268e+04 0.000000000000000000e+00 0.000000000000000000e+00
4.199999999999999289e+00 2.229561212285027432e+04 0.000000000000000000e+00 0.000000000000000000e+00
4.299999999999998934e+00 2.282646003053718232e+04 0.000000000000000000e+00 0.000000000000000000e+00
4.399999999999998579e+00 2.335730793822409396e+04 0.000000000000000000e+00 0.000000000000000000e+00
4.499999999999998224e+00 2.388815584591100196e+04 1.680514961481094360e-01 1.188303550094634287e-01
4.599999999999997868e+00 2.441900375359790996e+04 2.520772442221641541e-01 1.455368678634821611e-01
4.699999999999997513e+00 2.494985166128482160e+04 8.402574807405471802e-02 8.402574983799641906e-02
4.799999999999997158e+00 2.548069956897172960e+04 4.201287403702735901e-01 1.878872884981519220e-01
4.899999999999996803e+00 2.601154747665864124e+04 5.881802365183830261e-01 2.223112377970643261e-01
4.999999999999996447e+00 2.654239538434554925e+04 1.428437717258930206e+00 3.464470418537852758e-01
5.099999999999996092e+00 2.707324329203245725e+04 7.562317326664924622e-01 2.520772495139892433e-01
5.199999999999995737e+00 2.760409119971936889e+04 1.092334724962711334e+00 3.029591495002060819e-01
5.299999999999995381e+00 2.813493910740627689e+04 5.041544884443283081e-01 2.058202123578375120e-01
5.399999999999995026e+00 2.866578701509318853e+04 1.092334724962711334e+00 3.029591495002060819e-01
5.499999999999994671e+00 2.919663492278009653e+04 4.201287403702735901e-01 1.878872884981519220e-01
5.599999999999994316e+00 2.972748283046700817e+04 9.242832288146018982e-01 2.786818849409001264e-01
5.699999999999993960e+00 3.025833073815391617e+04 4.201287403702735901e-01 1.878872884981519220e-01
5.799999999999993605e+00 3.078917864584082417e+04 7.562317326664924622e-01 2.520772495139892433e-01
5.899999999999993250e+00 3.132002655352773581e+04 1.092334724962711334e+00 3.029591495002060819e-01
5.999999999999992895e+00 3.185087446121464382e+04 7.562317326664924622e-01 2.520772495139892433e-01
6.099999999999992539e+00 3.238172236890155546e+04 4.201287403702735901e-01 1.878872884981519220e-01
6.199999999999992184e+00 3.291257027658846346e+04 3.361029922962188721e-01 1.680514996759928381e-01
6.299999999999991829e+00 3.344341818427537510e+04 2.520772442221641541e-01 1.455368678634821611e-01
6.399999999999991473e+00 3.397426609196227946e+04 2.520772442221641541e-01 1.455368678634821611e-01
6.499999999999991118e+00 3.450511399964919110e+04 5.881802365183830261e-01 2.223112377970643261e-01
6.599999999999990763e+00 3.503596190733610274e+04 5.041544884443283081e-01 2.058202123578375120e-01
6.699999999999990408e+00 3.556680981502300710e+04 3.361029922962188721e-01 1.680514996759928381e-01
6.799999999999990052e+00 3.609765772270991874e+04 2.520772442221641541e-01 1.455368678634821611e-01
6.899999999999989697e+00 3.662850563039683038e+04 4.201287403702735901e-01 1.878872884981519220e-01
6.999999999999989342e+00 3.715935353808374202e+04 4.201287403702735901e-01 1.878872884981519220e-01
7.099999999999988987e+00 3.769020144577064639e+04 6.722059845924377441e-01 2.376607100189268573e-01
7.199999999999988631e+00 3.822104935345755803e+04 2.520772442221641541e-01 1.455368678634821611e-01
7.299999999999988276e+00 3.875189726114446967e+04 5.041544884443283081e-01 2.058202123578375120e-01
7.399999999999987921e+00 3.928274516883137403e+04 3.361029922962188721e-01 1.680514996759928381e-01
7.499999999999987566e+00 3.981359307651828567e+04 2.520772442221641541e-01 1.455368678634821611e-01
7.599999999999987210e+00 4.034444098420519731e+04 8.402574807405471802e-02 8.402574983799641906e-02
7.699999999999986855e+00 4.087528889189210895e+04 2.520772442221641541e-01 1.455368678634821611e-01
7.799999999999986500e+00 4.140613679957901331e+04 2.520772442221641541e-01 1.455368678634821611e-01
7.899999999999986144e+00 4.193698470726592495e+04 4.201287403702735901e-01 1.878872884981519220e-01
7.999999999999985789e+00 4.246783261495283659e+04 1.680514961481094360e-01 1.188303550094634287e-01
8.099999999999985434e+00 4.299868052263974096e+04 3.361029922962188721e-01 1.680514996759928381e-01
8.199999999999985079e+00 4.352952843032665260e+04 1.680514961481094360e-01 1.188303550094634287e-01
8.299999999999984723e+00 4.406037633801356424e+04 1.680514961481094360e-01 1.188303550094634287e-01
8.399999999999984368e+00 4.459122424570046860e+04 2.520772442221641541e-01 1.455368678634821611e-01
8.499999999999984013e+00 4.512207215338738024e+04 8.402574807405471802e-02 8.402574983799641906e-02
8.599999999999983658e+00 4.565292006107429188e+04 1.680514961481094360e-01 1.188303550094634287e-01
8.699999999999983302e+00 4.618376796876120352e+04 8.402574807405471802e-02 8.402574983799641906e-02
8.799999999999982947e+00 4.671461587644810788e+04 0.000000000000000000e+00 0.000000000000000000e+00
8.899999999999982592e+00 4.724546378413501952e+04 4.201287403702735901e-01 1.878872884981519220e-01
8.999999999999982236e+00 4.777631169182193116e+04 2.520772442221641541e-01 1.455368678634821611e-01
9.099999999999981881e+00 4.830715959950883553e+04 8.402574807405471802e-02 8.402574983799641906e-02
9.199999999999981526e+00 4.883800750719574717e+04 8.402574807405471802e-02 8.402574983799641906e-02
9.299999999999981171e+00 4.936885541488265881e+04 8.402574807405471802e-02 8.402574983799641906e-02
9.399999999999980815e+00 4.989970332256956317e+04 2.520772442221641541e-01 1.455368678634821611e-01
9.499999999999980460e+00 5.043055123025647481e+04 1.680514961481094360e-01 1.188303550094634287e-01
9.599999999999980105e+00 5.096139913794338645e+04 0.000000000000000000e+00 0.000000000000000000e+00
9.699999999999979750e+00 5.149224704563029809e+04 8.402574807405471802e-02 8.402574983799641906e-02
9.799999999999979394e+00 5.202309495331720245e+04 2.520772442221641541e-01 1.455368678634821611e-01
9.899999999999979039e+00 5.255394286100411409e+04 1.680514961481094360e-01 1.188303550094634287e-01
9.999999999999978684e+00 5.308479076869102573e+04 0.000000000000000000e+00 0.000000000000000000e+00
1.009999999999997833e+01 5.361563867637793010e+04 0.000000000000000000e+00 0.000000000000000000e+00
1.019999999999997797e+01 5.414648658406484174e+04 0.000000000000000000e+00 0.000000000000000000e+00
1.029999999999997762e+01 5.467733449175175338e+04 0.000000000000000000e+00 0.000000000000000000e+00
1.039999999999997726e+01 5.520818239943866502e+04 0.000000000000000000e+00 0.000000000000000000e+00
1.049999999999997691e+01 5.573903030712556938e+04 0.000000000000000000e+00 0.000000000000000000e+00
1.059999999999997655e+01 5.626987821481248102e+04 2.520772442221641541e-01 1.455368678634821611e-01
1.069999999999997620e+01 5.680072612249939266e+04 0.000000000000000000e+00 0.000000000000000000e+00
1.079999999999997584e+01 5.733157403018629702e+04 0.000000000000000000e+00 0.000000000000000000e+00
1.089999999999997549e+01 5.786242193787320866e+04 0.000000000000000000e+00 0.000000000000000000e+00
1.100000000000000000e+01 5.839326984556025127e+04 0.000000000000000000e+00 0.000000000000000000e+00
