4.099999999999999645e+00 2.176476421516336268e+04 0.000000000000000000e+00 0.000000000000000000e+00
4.199999999999999289e+00 2.229561212285027432e+04 0.000000000000000000e+00 0.000000000000000000e+00
4.299999999999998934e+00 2.282646003053718232e+04 0.000000000000000000e+00 0.000000000000000000e+00
4.399999999999998579e+00 2.335730793822409396e+04 3.435865044593811035e-02 2.429523398463149034e-02
4.499999999999998224e+00 2.388815584591100196e+04 1.374346017837524414e-01 4.859046796926298067e-02
4.599999999999997868e+00 2.441900375359790996e+04 2.233312278985977173e-01 6.194093608746927687e-02
4.699999999999997513e+00 2.494985166128482160e+04 2.061519026756286621e-01 5.951092644387211139e-02
4.799999999999997158e+00 2.548069956897172960e+04 2.920485287904739380e-01 7.083217031919845919e-02
4.899999999999996803e+00 2.601154747665864124e+04 2.405105531215667725e-01 6.427914716745976309e-02
4.999999999999996447e+00 2.654239538434554925e+04 3.951244801282882690e-01 8.238914695050505999e-02
5.099999999999996092e+00 2.707324329203245725e+04 5.840970575809478760e-01 1.001718159177314715e-01
5.199999999999995737e+00 2.760409119971936889e+04 3.607658296823501587e-01 7.872555583077152364e-02
5.299999999999995381e+00 2.813493910740627689e+04 4.466624557971954346e-01 8.759771188098412764e-02
5.399999999999995026e+00 2.866578701509318853e+04 7.043523341417312622e-01 1.100013503760015332e-01
5.499999999999994671e+00 2.919663492278009653e+04 3.779451549053192139e-01 8.057817532091379742e-02
5.599999999999994316e+00 2.972748283046700817e+04 4.982004314661026001e-01 9.251349479041366675e-02
5.699999999999993960e+00 3.025833073815391617e+04 3.264071792364120483e-01 7.488294029013506381e-02
5.799999999999993605e+00 3.078917864584082417e+04 3.264071792364120483e-01 7.488294029013506381e-02
5.899999999999993250e+00 3.132002655352773581e+04 4.810211062431335449e-01 9.090444170199771245e-02
5.999999999999992895e+00 3.185087446121464382e+04 3.607658296823501587e-01 7.872555583077152364e-02
6.099999999999992539e+00 3.238172236890155546e+04 2.576898783445358276e-01 6.653523846624392890e-02
6.199999999999992184e+00 3.291257027658846346e+04 3.435865044593811035e-01 7.682827567816376269e-02
6.299999999999991829e+00 3.344341818427537510e+04 2.233312278985977173e-01 6.194093608746927687e-02
6.399999999999991473e+00 3.397426609196227946e+04 3.092278540134429932e-01 7.288570195389447448e-02
6.499999999999991118e+00 3.450511399964919110e+04 2.576898783445358276e-01 6.653523846624392890e-02
6.599999999999990763e+00 3.503596190733610274e+04 1.889725774526596069e-01 5.697737418505665480e-02
6.699999999999990408e+00 3.556680981502300710e+04 2.748692035675048828e-01 6.871729880418717129e-02
6.799999999999990052e+00 3.609765772270991874e+04 1.717932522296905518e-01 5.432579471889908973e-02
6.899999999999989697e+00 3.662850563039683038e+04 1.889725774526596069e-01 5.697737418505665480e-02
6.999999999999989342e+00 3.715935353808374202e+04 2.233312278985977173e-01 6.194093608746927687e-02
7.099999999999988987e+00 3.769020144577064639e+04 2.233312278985977173e-01 6.194093608746927687e-02
7.199999999999988631e+00 3.822104935345755803e+04 1.546139270067214966e-01 5.153797410314037847e-02
7.299999999999988276e+00 3.875189726114446967e+04 1.202552765607833862e-01 4.545222085099885623e-02
7.399999999999987921e+00 3.928274516883137403e+04 1.546139270067214966e-01 5.153797410314037847e-02
7.499999999999987566e+00 3.981359307651828567e+04 8.589662611484527588e-02 3.841413783908188134e-02
7.599999999999987210e+00 4.034444098420519731e+04 1.374346017837524414e-01 4.859046796926298067e-02
7.699999999999986855e+00 4.087528889189210895e+04 1.374346017837524414e-01 4.859046796926298067e-02
7.799999999999986500e+00 4.140613679957901331e+04 1.202552765607833862e-01 4.545222085099885623e-02
7.899999999999986144e+00 4.193698470726592495e+04 1.374346017837524414e-01 4.859046796926298067e-02
7.999999999999985789e+00 4.246783261495283659e+04 1.374346017837524414e-01 4.859046796926298067e-02
8.099999999999985434e+00 4.299868052263974096e+04 1.202552765607833862e-01 4.545222085099885623e-02
8.199999999999985079e+00 4.352952843032665260e+04 1.030759513378143311e-01 4.208057964315580629e-02
8.299999999999984723e+00 4.406037633801356424e+04 3.435865044593811035e-02 2.429523398463149034e-02
8.399999999999984368e+00 4.459122424570046860e+04 3.435865044593811035e-02 2.429523398463149034e-02
8.499999999999984013e+00 4.512207215338738024e+04 1.030759513378143311e-01 4.208057964315580629e-02
8.599999999999983658e+00 4.565292006107429188e+04 8.589662611484527588e-02 3.841413783908188134e-02
8.699999999999983302e+00 4.618376796876120352e+04 1.030759513378143311e-01 4.208057964315580629e-02
8.799999999999982947e+00 4.671461587644810788e+04 6.871730089187622070e-02 3.435864940209358565e-02
8.899999999999982592e+00 4.724546378413501952e+04 5.153797566890716553e-02 2.975546322193605570e-02
8.999999999999982236e+00 4.777631169182193116e+04 1.717932522296905518e-02 1.717932470104679282e-02
9.099999999999981881e+00 4.830715959950883553e+04 8.589662611484527588e-02 3.841413783908188134e-02
9.199999999999981526e+00 4.883800750719574717e+04 1.717932522296905518e-02 1.717932470104679282e-02
9.299999999999981171e+00 4.936885541488265881e+04 6.871730089187622070e-02 3.435864940209358565e-02
9.399999999999980815e+00 4.989970332256956317e+04 1.717932522296905518e-02 1.717932470104679282e-02
9.499999999999980460e+00 5.043055123025647481e+04 6.871730089187622070e-02 3.435864940209358565e-02
9.599999999999980105e+00 5.096139913794338645e+04 1.717932522296905518e-02 1.717932470104679282e-02
9.699999999999979750e+00 5.149224704563029809e+04 3.435865044593811035e-02 2.429523398463149034e-02
9.799999999999979394e+00 5.202309495331720245e+04 5.153797566890716553e-02 2.975546322193605570e-02
9.899999999999979039e+00 5.255394286100411409e+04 6.871730089187622070e-02 3.435864940209358565e-02
9.999999999999978684e+00 5.308479076869102573e+04 5.153797566890716553e-02 2.975546322193605570e-02
1.009999999999997833e+01 5.361563867637793010e+04 1.717932522296905518e-02 1.717932470104679282e-02
1.019999999999997797e+01 5.414648658406484174e+04 0.000000000000000000e+00 0.000000000000000000e+00
1.029999999999997762e+01 5.467733449175175338e+04 6.871730089187622070e-02 3.435864940209358565e-02
1.039999999999997726e+01 5.520818239943866502e+04 8.589662611484527588e-02 3.841413783908188134e-02
1.049999999999997691e+01 5.573903030712556938e+04 5.153797566890716553e-02 2.975546322193605570e-02
1.059999999999997655e+01 5.626987821481248102e+04 8.589662611484527588e-02 3.841413783908188134e-02
1.069999999999997620e+01 5.680072612249939266e+04 1.717932522296905518e-02 1.717932470104679282e-02
1.079999999999997584e+01 5.733157403018629702e+04 0.000000000000000000e+00 0.000000000000000000e+00
1.089999999999997549e+01 5.786242193787320866e+04 0.000000000000000000e+00 0.000000000000000000e+00
1.100000000000000000e+01 5.839326984556025127e+04 0.000000000000000000e+00 0.000000000000000000e+00
